% Position of cells [x y] in meters from the center of the field
cellPose=[-1.400 -0.750;...
   -1.400 -1.090;...
   -1.400 -1.400;...
  -1.400 -0.400;...
    1.059 0.216;...
    0.126 0.313;...
    -1.250 0.705;...
    -0.918 -0.548;...
    0.359 -0.457;...
    -1.003 0.358;...
    0.139 -1.142;...
    1.469 -0.438;...
    0.666 -0.553;...
    -0.377 1.075;...
    0.686 -1.163;...
    0.763 1.284;...
    -0.097 -0.695;...
    0.364 -0.948;...
    -0.428 0.436;...
    1.402 -0.714;...
    0.000 0.000];

objectLevel=[0 0 0 0 0 0 0 0 0 0 0 0 0 0 0 0 0 0 0 0 0 ];
objectTypeArray=[0 0 0 0 5 7 2 6 8 1 5 7 2 6 8 1 3 3 4 4 ];
isoPoses=[-1.016 1.345;-0.342 -0.512;0 0];
platformPoses=[-0.01 1.37;1.37 -1.37];
