% Position of cells [x y] in meters from the center of the field
cellPose=[-1.400 -0.750;...
   -1.400 -1.090;...
   -1.400 -1.400;...
  -1.400 -0.400;...
    1.430 -1.191;...
    -0.043 1.082;...
    -0.472 1.373;...
    0.316 -1.094;...
    0.803 -1.091;...
    0.217 1.090;...
    0.068 -0.575;...
    0.986 0.315;...
    0.704 -0.460;...
    -1.227 0.794;...
    -0.915 0.537;...
    0.310 -0.417;...
    -0.968 1.422;...
    0.671 1.080;...
    1.347 0.047;...
    -1.046 -1.140;...
    0.000 0.000];

objectLevel=[0 0 0 0 0 0 0 0 0 0 0 0 0 0 0 0 0 0 0 0 0 ];
objectTypeArray=[0 0 0 0 5 7 2 6 8 1 5 7 2 6 8 1 3 3 4 4 ];
isoPoses=[-1 -3;1 -3;0 0];
platformPoses=[-0.01 1.37;1.37 -1.37];
