% Position of cells [x y] in meters from the center of the field
cellPose=[-1.400 -0.750;...
   -1.400 -1.090;...
   -1.400 -1.400;...
   -1.400 -0.400;...
   -0.200 -2.500;...
    0.600 -2.500;...
    -1.376 0.893;...
  0.000 -2.500;...
  0.800 -2.500;...
    -0.970 0.375;...
  0.200 -2.500;...
  1.000 -2.500;...
    0.704 -0.460;...
  0.400 -2.500;...
  1.200 -2.500;...
    0.682 1.167;...
    -0.038 -0.696;...
    0.442 -1.241;...
    -0.523 0.669;...
    1.419 -0.680;...
    0.000 0.000];

objectLevel=[0 0 0 0 0 0 0 0 0 0 0 0 0 0 0 0 0 0 0 0 0 ];
objectTypeArray=[0 0 0 0 5 7 2 6 8 1 5 7 2 6 8 1 3 3 4 4 ];
isoPoses=[-1 -3;1 -3;0 0];
platformPoses=[-0.01 1.37;1.37 -1.37];
